        coordinates: [
          [
            [73.3, 24.6667],
            [73.2583, 24.6917],
            [73.2367, 24.72],
            [73.2, 24.7583],
            [73.1583, 24.7967],
            [73.1367, 24.83],
            [73.1467, 24.87],
            [73.175, 24.9083],
            [73.2033, 24.9417],
            [73.2467, 24.975],
            [73.275, 24.9967],
            [73.3083, 25.02],
            [73.3417, 25.0367],
            [73.37, 25.0583],
            [73.4083, 25.075],
            [73.4417, 25.1],
            [73.48, 25.125],
            [73.5083, 25.1367],
            [73.5367, 25.1583],
            [73.5583, 25.1917],
            [73.575, 25.22],
            [73.6, 25.2583],
            [73.625, 25.2967],
            [73.6467, 25.3367],
            [73.675, 25.375],
            [73.7083, 25.4033],
            [73.7367, 25.425],
            [73.775, 25.4583],
            [73.7917, 25.47],
            [73.8083, 25.4633],
            [73.82, 25.4417],
            [73.8, 25.4083],
            [73.7583, 25.38],
            [73.725, 25.3417],
            [73.7033, 25.3083],
            [73.6917, 25.27],
            [73.67, 25.2417],
            [73.6417, 25.2033],
            [73.625, 25.175],
            [73.5917, 25.1417],
            [73.5533, 25.1167],
            [73.5083, 25.0917],
            [73.47, 25.0667],
            [73.4467, 25.0367],
            [73.4367, 25.0033],
            [73.4467, 24.97],
            [73.4583, 24.925],
            [73.4417, 24.875],
            [73.4167, 24.825],
            [73.3917, 24.775],
            [73.3583, 24.7367],
            [73.325, 24.7],
            [73.3, 24.6667],
          ],
        ],